1770061183675 0.6048924326896667 0
1770061250699 0.799797534942627 1
1770061318006 0.8359357118606567 2
1770061385594 0.8498365879058838 3
1770061452342 0.8588405251502991 4
1770061519635 0.8653075098991394 5
1770061586793 0.8698703646659851 6
1770061653898 0.8743714690208435 7
1770061721308 0.8775827288627625 8
1770061787728 0.8816149234771729 9
1770061854463 0.8834249973297119 10
1770061921625 0.8849127888679504 11
1770061989940 0.8874695301055908 12
1770062057804 0.8903893828392029 13
1770062125127 0.8911001682281494 14
