1770061183675 2.019249439239502 0
1770061250699 1.2807897329330444 1
1770061318006 1.0249260663986206 2
1770061385594 0.9205486178398132 3
1770061452342 0.8504464030265808 4
1770061519635 0.8045065402984619 5
1770061586793 0.7697347402572632 6
1770061653898 0.7390524744987488 7
1770061721308 0.7153766751289368 8
1770061787728 0.6885291934013367 9
1770061854463 0.6740490198135376 10
1770061921625 0.6591900587081909 11
1770061989940 0.6427969336509705 12
1770062057804 0.6263083219528198 13
1770062125127 0.6196545362472534 14
